# IPRT polarized radiative transfer model intercomparison, Phase A, case A1 (Rayleigh
# scattering, one layer of optical thickness 0.5): selected rows of the model PSTAR's
# results, reformatted. C. Emde et al., J. Quant. Spectrosc. Radiat. Transfer 164 (2015)
# 8-36, DOI: 10.1016/j.jqsrt.2015.05.007.
# Source: https://www.libradtran.org/iprt/lib/exe/fetch.php?media=intercomparisons:phase_a:a1:iprt_case_a1_pstar.dat
# (SHA-256 27c77b0d3f61cad6c1eededbb52b8f46dcadd5d1f888420a0ee71a2ede78171b), fetched 2026-10-09.
# Licensed under CC BY-SA 3.0 (https://creativecommons.org/licenses/by-sa/3.0/), as the IPRT
# wiki's content is; this adapted file is offered under the same licence (README.md).
# depol altitude sza saa vza vaa I Q U V
0.00 0 0.0 65.0 0.0 0.0 5.829094E-02 0.000000E+00 0.000000E+00 0.000000E+00
0.00 0 0.0 65.0 0.0 90.0 5.829094E-02 0.000000E+00 0.000000E+00 0.000000E+00
0.00 0 0.0 65.0 20.0 0.0 5.794367E-02 -3.124366E-03 0.000000E+00 0.000000E+00
0.00 0 0.0 65.0 20.0 65.0 5.794367E-02 -3.124366E-03 0.000000E+00 0.000000E+00
0.00 0 0.0 65.0 20.0 120.0 5.794367E-02 -3.124366E-03 0.000000E+00 0.000000E+00
0.00 0 0.0 65.0 20.0 180.0 5.794367E-02 -3.124366E-03 0.000000E+00 0.000000E+00
0.00 0 0.0 65.0 20.0 245.0 5.794367E-02 -3.124366E-03 0.000000E+00 0.000000E+00
0.00 0 0.0 65.0 20.0 300.0 5.794367E-02 -3.124366E-03 0.000000E+00 0.000000E+00
0.00 0 0.0 65.0 60.0 0.0 6.200341E-02 -3.019991E-02 0.000000E+00 0.000000E+00
0.00 0 0.0 65.0 60.0 65.0 6.200341E-02 -3.019991E-02 0.000000E+00 0.000000E+00
0.00 0 0.0 65.0 60.0 120.0 6.200341E-02 -3.019991E-02 0.000000E+00 0.000000E+00
0.00 0 0.0 65.0 60.0 180.0 6.200341E-02 -3.019991E-02 0.000000E+00 0.000000E+00
0.00 0 0.0 65.0 60.0 245.0 6.200341E-02 -3.019991E-02 0.000000E+00 0.000000E+00
0.00 0 0.0 65.0 60.0 300.0 6.200341E-02 -3.019991E-02 0.000000E+00 0.000000E+00
0.00 1 0.0 65.0 180.0 0.0 6.004419E-02 0.000000E+00 0.000000E+00 0.000000E+00
0.00 1 0.0 65.0 180.0 90.0 6.004419E-02 0.000000E+00 0.000000E+00 0.000000E+00
0.00 1 0.0 65.0 160.0 0.0 5.978666E-02 -3.236888E-03 0.000000E+00 0.000000E+00
0.00 1 0.0 65.0 160.0 65.0 5.978666E-02 -3.236888E-03 0.000000E+00 0.000000E+00
0.00 1 0.0 65.0 160.0 120.0 5.978666E-02 -3.236888E-03 0.000000E+00 0.000000E+00
0.00 1 0.0 65.0 160.0 180.0 5.978666E-02 -3.236888E-03 0.000000E+00 0.000000E+00
0.00 1 0.0 65.0 160.0 245.0 5.978666E-02 -3.236888E-03 0.000000E+00 0.000000E+00
0.00 1 0.0 65.0 160.0 300.0 5.978666E-02 -3.236888E-03 0.000000E+00 0.000000E+00
0.00 1 0.0 65.0 120.0 0.0 6.551450E-02 -3.225251E-02 0.000000E+00 0.000000E+00
0.00 1 0.0 65.0 120.0 65.0 6.551450E-02 -3.225251E-02 0.000000E+00 0.000000E+00
0.00 1 0.0 65.0 120.0 120.0 6.551450E-02 -3.225251E-02 0.000000E+00 0.000000E+00
0.00 1 0.0 65.0 120.0 180.0 6.551450E-02 -3.225251E-02 0.000000E+00 0.000000E+00
0.00 1 0.0 65.0 120.0 245.0 6.551450E-02 -3.225251E-02 0.000000E+00 0.000000E+00
0.00 1 0.0 65.0 120.0 300.0 6.551450E-02 -3.225251E-02 0.000000E+00 0.000000E+00
0.03 0 30.0 0.0 0.0 0.0 4.944388E-02 -5.539456E-03 0.000000E+00 0.000000E+00
0.03 0 30.0 0.0 0.0 90.0 4.944388E-02 5.539456E-03 0.000000E+00 0.000000E+00
0.03 0 30.0 0.0 20.0 65.0 5.300881E-02 4.945415E-03 2.677707E-03 0.000000E+00
0.03 0 30.0 0.0 20.0 120.0 4.650063E-02 -2.391186E-03 1.127089E-02 0.000000E+00
0.03 0 30.0 0.0 20.0 180.0 4.345636E-02 -1.413808E-02 0.000000E+00 0.000000E+00
0.03 0 30.0 0.0 20.0 245.0 4.700209E-02 -1.061304E-03 -1.103045E-02 0.000000E+00
0.03 0 30.0 0.0 20.0 300.0 5.360718E-02 4.715367E-03 -1.827983E-03 0.000000E+00
0.03 0 30.0 0.0 60.0 0.0 8.061241E-02 -6.163670E-03 0.000000E+00 0.000000E+00
0.03 0 30.0 0.0 60.0 65.0 6.691916E-02 -5.522645E-03 2.277088E-02 0.000000E+00
0.03 0 30.0 0.0 60.0 120.0 5.409492E-02 -1.959279E-02 2.873062E-02 0.000000E+00
0.03 0 30.0 0.0 60.0 180.0 5.179994E-02 -3.497614E-02 0.000000E+00 0.000000E+00
0.03 0 30.0 0.0 60.0 245.0 5.474248E-02 -1.769932E-02 -2.945506E-02 0.000000E+00
0.03 0 30.0 0.0 60.0 300.0 6.850115E-02 -5.186556E-03 -2.117405E-02 0.000000E+00
0.03 1 30.0 0.0 180.0 0.0 5.113666E-02 -5.758293E-03 0.000000E+00 0.000000E+00
0.03 1 30.0 0.0 180.0 90.0 5.113666E-02 5.758293E-03 0.000000E+00 0.000000E+00
0.03 1 30.0 0.0 160.0 0.0 4.500150E-02 -1.472510E-02 0.000000E+00 0.000000E+00
0.03 1 30.0 0.0 160.0 65.0 4.868928E-02 -1.105297E-03 1.148260E-02 0.000000E+00
0.03 1 30.0 0.0 160.0 120.0 5.556086E-02 4.903013E-03 1.893510E-03 0.000000E+00
0.03 1 30.0 0.0 160.0 180.0 5.978787E-02 6.127360E-05 0.000000E+00 0.000000E+00
0.03 1 30.0 0.0 160.0 245.0 5.493827E-02 5.143694E-03 -2.778453E-03 0.000000E+00
0.03 1 30.0 0.0 160.0 300.0 4.816767E-02 -2.490173E-03 -1.173368E-02 0.000000E+00
0.03 1 30.0 0.0 120.0 0.0 5.504594E-02 -3.779650E-02 0.000000E+00 0.000000E+00
0.03 1 30.0 0.0 120.0 65.0 5.819503E-02 -1.917220E-02 3.171269E-02 0.000000E+00
0.03 1 30.0 0.0 120.0 120.0 7.300461E-02 -5.707682E-03 2.277640E-02 0.000000E+00
0.03 1 30.0 0.0 120.0 180.0 8.605591E-02 -6.786531E-03 0.000000E+00 0.000000E+00
0.03 1 30.0 0.0 120.0 245.0 7.130041E-02 -6.066814E-03 -2.449647E-02 0.000000E+00
0.03 1 30.0 0.0 120.0 300.0 5.749963E-02 -2.121267E-02 -3.093445E-02 0.000000E+00
0.10 0 30.0 65.0 0.0 0.0 4.830857E-02 3.088326E-03 3.680523E-03 0.000000E+00
0.10 0 30.0 65.0 0.0 90.0 4.830857E-02 -3.088326E-03 -3.680523E-03 0.000000E+00
0.10 0 30.0 65.0 20.0 0.0 5.165970E-02 4.290659E-03 -2.244184E-03 0.000000E+00
0.10 0 30.0 65.0 20.0 120.0 5.266642E-02 3.783940E-03 8.589475E-04 0.000000E+00
0.10 0 30.0 65.0 20.0 180.0 4.651855E-02 -8.504898E-04 9.488619E-03 0.000000E+00
0.10 0 30.0 65.0 20.0 245.0 4.349012E-02 -1.214532E-02 0.000000E+00 0.000000E+00
0.10 0 30.0 65.0 20.0 300.0 4.568886E-02 -3.193614E-03 -9.745562E-03 0.000000E+00
0.10 0 30.0 65.0 60.0 0.0 6.688533E-02 -4.511488E-03 -1.944172E-02 0.000000E+00
0.10 0 30.0 65.0 60.0 65.0 7.866132E-02 -5.162647E-03 0.000000E+00 0.000000E+00
0.10 0 30.0 65.0 60.0 120.0 6.959898E-02 -4.073043E-03 1.663666E-02 0.000000E+00
0.10 0 30.0 65.0 60.0 180.0 5.646841E-02 -1.492841E-02 2.523659E-02 0.000000E+00
0.10 0 30.0 65.0 60.0 245.0 5.401279E-02 -2.981117E-02 0.000000E+00 0.000000E+00
0.10 0 30.0 65.0 60.0 300.0 5.546117E-02 -1.821086E-02 -2.374512E-02 0.000000E+00
0.10 1 30.0 65.0 180.0 0.0 4.996065E-02 3.213488E-03 -3.829686E-03 0.000000E+00
0.10 1 30.0 65.0 180.0 90.0 4.996065E-02 -3.213488E-03 3.829686E-03 0.000000E+00
0.10 1 30.0 65.0 160.0 0.0 4.818393E-02 -8.881625E-04 -9.889453E-03 0.000000E+00
0.10 1 30.0 65.0 160.0 65.0 4.503000E-02 -1.266527E-02 0.000000E+00 0.000000E+00
0.10 1 30.0 65.0 160.0 120.0 4.731980E-02 -3.331056E-03 1.015832E-02 0.000000E+00
0.10 1 30.0 65.0 160.0 180.0 5.353935E-02 4.467255E-03 2.332342E-03 0.000000E+00
0.10 1 30.0 65.0 160.0 245.0 5.770200E-02 6.726039E-06 0.000000E+00 0.000000E+00
0.10 1 30.0 65.0 160.0 300.0 5.458816E-02 3.937303E-03 -8.881542E-04 0.000000E+00
0.10 1 30.0 65.0 120.0 0.0 6.002072E-02 -1.622151E-02 -2.723473E-02 0.000000E+00
0.10 1 30.0 65.0 120.0 65.0 5.738472E-02 -3.229987E-02 0.000000E+00 0.000000E+00
0.10 1 30.0 65.0 120.0 120.0 5.893648E-02 -1.976683E-02 2.562753E-02 0.000000E+00
0.10 1 30.0 65.0 120.0 180.0 7.125902E-02 -4.983220E-03 2.096646E-02 0.000000E+00
0.10 1 30.0 65.0 120.0 245.0 8.397678E-02 -5.707800E-03 0.000000E+00 0.000000E+00
0.10 1 30.0 65.0 120.0 300.0 7.418906E-02 -4.514245E-03 -1.793836E-02 0.000000E+00
