# IPRT polarized radiative transfer model intercomparison, Phase A, case A2 (Rayleigh
# scattering, optical thickness 0.1, over a Lambertian surface of albedo 0.3): selected rows
# of the model PSTAR's results, reformatted. C. Emde et al., J. Quant. Spectrosc. Radiat.
# Transfer 164 (2015) 8-36, DOI: 10.1016/j.jqsrt.2015.05.007.
# Source: https://www.libradtran.org/iprt/lib/exe/fetch.php?media=intercomparisons:phase_a:a2:iprt_case_a2_pstar.dat
# (SHA-256 c74d0386339d464ef925d6a8c72913061c3b2fb2155705a0f89404c8826f8f13), fetched 2026-10-09.
# Licensed under CC BY-SA 3.0 (https://creativecommons.org/licenses/by-sa/3.0/), as the IPRT
# wiki's content is; this adapted file is offered under the same licence (README.md).
# depol altitude sza saa vza vaa I Q U V
0.03 0 50.0 0.0 0.0 0.0 1.139551E-02 -3.200702E-03 0.000000E+00 0.000000E+00
0.03 0 50.0 0.0 0.0 90.0 1.139551E-02 3.200702E-03 0.000000E+00 0.000000E+00
0.03 0 50.0 0.0 30.0 0.0 1.618379E-02 -5.414517E-04 0.000000E+00 0.000000E+00
0.03 0 50.0 0.0 30.0 45.0 1.491217E-02 1.854127E-03 -9.088819E-04 0.000000E+00
0.03 0 50.0 0.0 30.0 90.0 1.249049E-02 3.099641E-03 3.206027E-03 0.000000E+00
0.03 0 50.0 0.0 30.0 135.0 1.098560E-02 -2.072438E-03 5.442889E-03 0.000000E+00
0.03 0 50.0 0.0 30.0 180.0 1.063078E-02 -6.094453E-03 0.000000E+00 0.000000E+00
0.03 0 50.0 0.0 60.0 45.0 2.441616E-02 2.718015E-03 3.475562E-03 0.000000E+00
0.03 0 50.0 0.0 60.0 90.0 1.887249E-02 3.263768E-03 9.221060E-03 0.000000E+00
0.03 0 50.0 0.0 60.0 135.0 1.789589E-02 -3.802259E-03 9.564986E-03 0.000000E+00
0.03 0 50.0 0.0 60.0 180.0 1.882903E-02 -8.958542E-03 0.000000E+00 0.000000E+00
0.03 0 50.0 0.0 80.0 0.0 6.213985E-02 -4.826043E-03 0.000000E+00 0.000000E+00
0.03 0 50.0 0.0 80.0 45.0 5.375838E-02 1.432318E-03 1.528517E-02 0.000000E+00
0.03 0 50.0 0.0 80.0 90.0 4.356350E-02 5.877268E-03 2.521169E-02 0.000000E+00
0.03 0 50.0 0.0 80.0 135.0 4.756701E-02 -4.759057E-03 2.036953E-02 0.000000E+00
0.03 0 50.0 0.0 80.0 180.0 5.338393E-02 -1.358197E-02 0.000000E+00 0.000000E+00
0.03 1 50.0 0.0 180.0 0.0 6.426702E-02 -3.208453E-03 0.000000E+00 0.000000E+00
0.03 1 50.0 0.0 180.0 90.0 6.426702E-02 3.208453E-03 0.000000E+00 0.000000E+00
0.03 1 50.0 0.0 150.0 0.0 6.268614E-02 -6.112199E-03 0.000000E+00 0.000000E+00
0.03 1 50.0 0.0 150.0 45.0 6.304189E-02 -2.078999E-03 5.457934E-03 0.000000E+00
0.03 1 50.0 0.0 150.0 90.0 6.455083E-02 3.107392E-03 3.214744E-03 0.000000E+00
0.03 1 50.0 0.0 150.0 135.0 6.697913E-02 1.858242E-03 -9.116003E-04 0.000000E+00
0.03 1 50.0 0.0 150.0 180.0 6.825424E-02 -5.440997E-04 0.000000E+00 0.000000E+00
0.03 1 50.0 0.0 120.0 0.0 6.667334E-02 -9.009269E-03 0.000000E+00 0.000000E+00
0.03 1 50.0 0.0 120.0 45.0 6.573550E-02 -3.828177E-03 9.610466E-03 0.000000E+00
0.03 1 50.0 0.0 120.0 90.0 6.671639E-02 3.271658E-03 9.264508E-03 0.000000E+00
0.03 1 50.0 0.0 120.0 135.0 7.228649E-02 2.722820E-03 3.491527E-03 0.000000E+00
0.03 1 50.0 0.0 120.0 180.0 7.593785E-02 2.552391E-04 0.000000E+00 0.000000E+00
0.03 1 50.0 0.0 100.0 0.0 8.640540E-02 -1.384104E-02 0.000000E+00 0.000000E+00
0.03 1 50.0 0.0 100.0 45.0 8.050683E-02 -4.895525E-03 2.064678E-02 0.000000E+00
0.03 1 50.0 0.0 100.0 90.0 7.644626E-02 5.887990E-03 2.555360E-02 0.000000E+00
0.03 1 50.0 0.0 100.0 135.0 8.678217E-02 1.379817E-03 1.549148E-02 0.000000E+00
0.03 1 50.0 0.0 100.0 180.0 9.528007E-02 -4.966361E-03 0.000000E+00 0.000000E+00
