# IPRT polarized radiative transfer model intercomparison, Phase A, case A4 (spheroidal
# aerosol, one layer of optical thickness 0.2): selected rows of the model PSTAR's results,
# reformatted. C. Emde et al., J. Quant. Spectrosc. Radiat. Transfer 164 (2015) 8-36,
# DOI: 10.1016/j.jqsrt.2015.05.007.
# Source: https://www.libradtran.org/iprt/lib/exe/fetch.php?media=intercomparisons:phase_a:a4:iprt_case_a4_pstar.dat
# (SHA-256 4af12f0b5ac46896922f16851d71945aea8b3048673fa33a66054da9d9f6ba04), fetched 2026-10-09.
# Licensed under CC BY-SA 3.0 (https://creativecommons.org/licenses/by-sa/3.0/), as the IPRT
# wiki's content is; this adapted file is offered under the same licence (README.md).
# depol altitude sza saa vza vaa I Q U V
0.00 0 40.0 0.0 0.0 0.0 1.285861E-02 -2.159126E-04 0.000000E+00 0.000000E+00
0.00 0 40.0 0.0 0.0 90.0 1.285861E-02 2.159126E-04 0.000000E+00 0.000000E+00
0.00 0 40.0 0.0 20.0 0.0 4.844534E-02 -9.220227E-04 0.000000E+00 0.000000E+00
0.00 0 40.0 0.0 20.0 45.0 2.540883E-02 3.747201E-04 -3.143603E-04 -1.928904E-07
0.00 0 40.0 0.0 20.0 90.0 1.117503E-02 1.296152E-04 1.254933E-04 -2.111866E-07
0.00 0 40.0 0.0 20.0 135.0 6.344511E-03 -6.383458E-05 1.510729E-04 -1.103966E-07
0.00 0 40.0 0.0 20.0 180.0 5.180395E-03 -1.725008E-04 0.000000E+00 0.000000E+00
0.00 0 40.0 0.0 60.0 0.0 8.739829E-02 -1.640678E-03 0.000000E+00 0.000000E+00
0.00 0 40.0 0.0 60.0 45.0 2.637893E-02 1.657726E-05 4.432350E-04 -3.515633E-07
0.00 0 40.0 0.0 60.0 90.0 7.009540E-03 -8.239758E-06 3.590359E-04 -1.002960E-07
0.00 0 40.0 0.0 60.0 135.0 3.043205E-03 -2.102658E-04 2.977973E-04 6.144255E-08
0.00 0 40.0 0.0 60.0 180.0 2.358254E-03 -2.835186E-04 0.000000E+00 0.000000E+00
0.00 0 40.0 0.0 80.0 0.0 6.149548E-02 -9.917390E-04 0.000000E+00 0.000000E+00
0.00 0 40.0 0.0 80.0 45.0 3.101468E-02 -2.676469E-04 6.976084E-04 1.737404E-07
0.00 0 40.0 0.0 80.0 90.0 1.014846E-02 -1.396269E-04 9.776874E-04 4.179660E-07
0.00 0 40.0 0.0 80.0 135.0 5.119222E-03 -2.593749E-04 4.331451E-04 4.119962E-07
0.00 0 40.0 0.0 80.0 180.0 4.540209E-03 -2.510334E-04 0.000000E+00 0.000000E+00
0.00 1 40.0 0.0 180.0 0.0 9.325171E-04 1.123220E-05 0.000000E+00 0.000000E+00
0.00 1 40.0 0.0 180.0 90.0 9.325171E-04 -1.123220E-05 0.000000E+00 0.000000E+00
0.00 1 40.0 0.0 160.0 0.0 1.015150E-03 -6.207918E-05 0.000000E+00 0.000000E+00
0.00 1 40.0 0.0 160.0 45.0 9.875490E-04 -1.762708E-05 4.262390E-05 -6.681410E-08
0.00 1 40.0 0.0 160.0 90.0 9.769451E-04 2.504046E-06 2.054768E-06 -8.508080E-08
0.00 1 40.0 0.0 160.0 135.0 1.091866E-03 -4.722600E-05 4.019861E-05 -4.481288E-08
0.00 1 40.0 0.0 160.0 180.0 1.193462E-03 1.098697E-04 0.000000E+00 0.000000E+00
0.00 1 40.0 0.0 120.0 0.0 4.874791E-03 -4.046219E-04 0.000000E+00 0.000000E+00
0.00 1 40.0 0.0 120.0 45.0 3.549563E-03 -2.225951E-04 3.151348E-04 1.646009E-07
0.00 1 40.0 0.0 120.0 90.0 2.062261E-03 -1.906936E-06 1.817298E-04 1.393079E-07
0.00 1 40.0 0.0 120.0 135.0 1.876277E-03 2.385065E-06 -2.472113E-05 1.524144E-07
0.00 1 40.0 0.0 120.0 180.0 2.226472E-03 1.974994E-04 0.000000E+00 0.000000E+00
0.00 1 40.0 0.0 100.0 0.0 2.614960E-02 -7.882708E-04 0.000000E+00 0.000000E+00
0.00 1 40.0 0.0 100.0 45.0 1.608869E-02 -4.880508E-04 8.024816E-04 3.133491E-07
0.00 1 40.0 0.0 100.0 90.0 6.765653E-03 -1.120886E-04 8.048770E-04 6.832936E-07
0.00 1 40.0 0.0 100.0 135.0 4.542858E-03 -6.144868E-05 1.873152E-04 7.206600E-07
0.00 1 40.0 0.0 100.0 180.0 4.612253E-03 5.520949E-05 0.000000E+00 0.000000E+00
